1827 0 14 10 11 4 38 5 34 25 22 35 9 33 21 20 32 23 37 2 16 39 29 27 7 19 26 6 15 36 3 8 18 30 1 13 24 12 31 28 17 0 
1435 0 14 10 11 4 38 5 34 25 22 35 9 33 21 20 32 23 37 2 16 39 29 27 7 19 26 6 15 36 3 8 18 30 1 13 24 31 12 28 17 0 
1240 0 14 10 11 4 38 5 34 25 22 35 9 33 21 20 32 23 37 2 16 39 29 27 7 19 26 6 15 36 3 8 18 30 1 13 31 24 12 28 17 0 
1195 0 14 10 11 4 38 5 34 25 22 35 9 33 21 20 32 23 37 2 16 39 29 27 7 19 26 6 15 36 3 8 18 30 1 31 13 24 12 28 17 0 
1043 0 14 10 11 4 38 5 34 25 22 35 9 33 21 20 32 23 37 2 16 39 29 27 7 19 26 6 15 36 3 8 18 13 24 12 31 1 30 28 17 0 
1029 0 14 10 11 4 38 5 34 25 22 35 9 33 21 20 32 23 37 2 16 39 29 27 7 19 26 6 15 31 8 36 18 30 1 13 24 12 28 3 17 0 
982 0 14 10 11 4 38 5 34 25 22 35 9 33 21 20 32 23 37 2 16 39 29 27 7 19 26 6 3 15 31 8 36 18 30 1 13 24 12 28 17 0 
980 0 14 10 11 4 38 5 34 25 22 35 9 33 21 20 32 23 37 2 16 39 29 27 7 19 26 6 31 36 3 15 8 18 30 1 13 24 12 28 17 0 
898 0 14 10 11 4 38 5 34 25 22 35 9 33 21 20 32 23 37 8 18 30 36 2 16 39 29 27 7 19 26 6 3 15 31 1 13 24 12 28 17 0 
854 0 14 10 11 4 38 5 34 25 22 35 9 33 21 20 32 23 37 8 18 30 26 6 3 15 36 2 16 39 29 27 7 19 31 1 13 24 12 28 17 0 
836 0 14 10 11 4 38 5 34 25 22 35 20 32 23 37 2 16 39 29 18 15 36 33 8 21 30 26 6 3 9 27 7 19 31 1 13 24 12 28 17 0 
830 0 14 10 11 4 38 5 34 25 22 35 20 32 23 37 2 16 39 29 18 15 36 33 26 6 3 9 27 7 19 31 8 21 30 1 13 24 12 28 17 0 
820 0 14 10 11 4 38 5 34 31 37 8 18 15 36 2 16 29 27 7 19 26 6 3 9 33 21 30 1 13 24 12 28 25 22 35 20 32 23 39 17 0 
818 0 14 10 11 4 38 5 34 31 8 18 30 1 13 24 12 28 25 22 35 9 33 21 20 32 23 37 2 16 39 29 27 7 19 26 6 15 36 3 17 0 
803 0 14 10 11 4 38 5 34 31 8 18 30 36 33 21 20 32 23 37 2 16 39 29 1 13 24 12 28 25 22 35 9 27 7 19 26 6 3 15 17 0 
793 0 14 10 11 4 38 5 34 33 31 8 21 20 32 23 37 2 16 39 29 18 30 1 13 24 12 28 25 22 35 9 27 7 19 26 6 15 36 3 17 0 
792 0 14 10 11 4 38 5 29 27 7 19 26 6 3 9 33 21 30 1 13 24 12 28 25 22 35 20 32 23 34 31 37 8 18 15 36 2 16 39 17 0 
783 0 14 10 11 4 38 5 33 21 20 32 23 34 31 37 8 25 22 35 9 27 7 19 26 6 3 15 36 2 16 39 29 18 30 1 13 24 12 28 17 0 
777 0 14 10 11 4 38 5 33 31 37 8 21 20 32 23 34 25 22 35 9 27 7 19 26 6 3 15 36 2 16 39 29 18 30 1 13 24 12 28 17 0 
